1 2
1 3
1 4
1 5
1 6
1 7
1 8
1 9
1 10
1 11
1 12
1 13
1 14
1 15
1 16
1 17
1 18
1 19
1 20
1 21
1 22
1 23
1 24
1 25
1 26
1 27
1 28
1 29
1 30
1 31
1 32
1 33
1 34
1 35
1 36
1 37
1 38
1 39
1 40
1 41
1 42
1 43
1 44
1 45
1 46
1 47
1 48
1 49
1 50
1 99
2 3
2 4
2 5
2 6
2 7
2 8
2 9
2 10
2 11
2 12
2 13
2 14
2 15
2 16
2 17
2 18
2 19
2 20
2 21
2 22
2 23
2 24
2 25
2 26
2 27
2 28
2 29
2 30
2 31
2 32
2 33
2 34
2 35
2 36
2 37
2 38
2 39
2 40
2 41
2 42
2 43
2 44
2 45
2 46
2 47
2 48
2 49
2 50
2 58
2 94
2 99
3 4
3 5
3 6
3 7
3 8
3 9
3 10
3 11
3 12
3 13
3 14
3 15
3 16
3 17
3 18
3 19
3 20
3 21
3 22
3 23
3 24
3 25
3 26
3 27
3 28
3 29
3 30
3 31
3 32
3 33
3 34
3 35
3 36
3 37
3 38
3 39
3 40
3 41
3 42
3 43
3 44
3 45
3 46
3 47
3 48
3 49
3 50
4 5
4 6
4 7
4 8
4 9
4 10
4 11
4 12
4 13
4 14
4 15
4 16
4 17
4 18
4 19
4 20
4 21
4 22
4 23
4 24
4 25
4 26
4 27
4 28
4 29
4 30
4 31
4 32
4 33
4 34
4 35
4 36
4 37
4 38
4 39
4 40
4 41
4 42
4 43
4 44
4 45
4 46
4 47
4 48
4 49
4 50
4 58
4 99
5 6
5 7
5 8
5 9
5 10
5 11
5 12
5 13
5 14
5 15
5 16
5 17
5 18
5 19
5 20
5 21
5 22
5 23
5 24
5 25
5 26
5 27
5 28
5 29
5 30
5 31
5 32
5 33
5 34
5 35
5 36
5 37
5 38
5 39
5 40
5 41
5 42
5 43
5 44
5 45
5 46
5 47
5 48
5 49
5 50
6 7
6 8
6 9
6 10
6 11
6 12
6 13
6 14
6 15
6 16
6 17
6 18
6 19
6 20
6 21
6 22
6 23
6 24
6 25
6 26
6 27
6 28
6 29
6 30
6 31
6 32
6 33
6 34
6 35
6 36
6 37
6 38
6 39
6 40
6 41
6 42
6 43
6 44
6 45
6 46
6 47
6 48
6 49
6 50
7 8
7 9
7 10
7 11
7 12
7 13
7 14
7 15
7 16
7 17
7 18
7 19
7 20
7 21
7 22
7 23
7 24
7 25
7 26
7 27
7 28
7 29
7 30
7 31
7 32
7 33
7 34
7 35
7 36
7 37
7 38
7 39
7 40
7 41
7 42
7 43
7 44
7 45
7 46
7 47
7 48
7 49
7 50
8 9
8 10
8 11
8 12
8 13
8 14
8 15
8 16
8 17
8 18
8 19
8 20
8 21
8 22
8 23
8 24
8 25
8 26
8 27
8 28
8 29
8 30
8 31
8 32
8 33
8 34
8 35
8 36
8 37
8 38
8 39
8 40
8 41
8 42
8 43
8 44
8 45
8 46
8 47
8 48
8 49
8 50
8 99
9 10
9 11
9 12
9 13
9 14
9 15
9 16
9 17
9 18
9 19
9 20
9 21
9 22
9 23
9 24
9 25
9 26
9 27
9 28
9 29
9 30
9 31
9 32
9 33
9 34
9 35
9 36
9 37
9 38
9 39
9 40
9 41
9 42
9 43
9 44
9 45
9 46
9 47
9 48
9 49
9 50
9 99
10 11
10 12
10 13
10 14
10 15
10 16
10 17
10 18
10 19
10 20
10 21
10 22
10 23
10 24
10 25
10 26
10 27
10 28
10 29
10 30
10 31
10 32
10 33
10 34
10 35
10 36
10 37
10 38
10 39
10 40
10 41
10 42
10 43
10 44
10 45
10 46
10 47
10 48
10 49
10 50
10 58
10 94
10 99
11 12
11 13
11 14
11 15
11 16
11 17
11 18
11 19
11 20
11 21
11 22
11 23
11 24
11 25
11 26
11 27
11 28
11 29
11 30
11 31
11 32
11 33
11 34
11 35
11 36
11 37
11 38
11 39
11 40
11 41
11 42
11 43
11 44
11 45
11 46
11 47
11 48
11 49
11 50
12 13
12 14
12 15
12 16
12 17
12 18
12 19
12 20
12 21
12 22
12 23
12 24
12 25
12 26
12 27
12 28
12 29
12 30
12 31
12 32
12 33
12 34
12 35
12 36
12 37
12 38
12 39
12 40
12 41
12 42
12 43
12 44
12 45
12 46
12 47
12 48
12 49
12 50
12 58
12 99
13 14
13 15
13 16
13 17
13 18
13 19
13 20
13 21
13 22
13 23
13 24
13 25
13 26
13 27
13 28
13 29
13 30
13 31
13 32
13 33
13 34
13 35
13 36
13 37
13 38
13 39
13 40
13 41
13 42
13 43
13 44
13 45
13 46
13 47
13 48
13 49
13 50
13 58
13 99
14 15
14 16
14 17
14 18
14 19
14 20
14 21
14 22
14 23
14 24
14 25
14 26
14 27
14 28
14 29
14 30
14 31
14 32
14 33
14 34
14 35
14 36
14 37
14 38
14 39
14 40
14 41
14 42
14 43
14 44
14 45
14 46
14 47
14 48
14 49
14 50
15 16
15 17
15 18
15 19
15 20
15 21
15 22
15 23
15 24
15 25
15 26
15 27
15 28
15 29
15 30
15 31
15 32
15 33
15 34
15 35
15 36
15 37
15 38
15 39
15 40
15 41
15 42
15 43
15 44
15 45
15 46
15 47
15 48
15 49
15 50
16 17
16 18
16 19
16 20
16 21
16 22
16 23
16 24
16 25
16 26
16 27
16 28
16 29
16 30
16 31
16 32
16 33
16 34
16 35
16 36
16 37
16 38
16 39
16 40
16 41
16 42
16 43
16 44
16 45
16 46
16 47
16 48
16 49
16 50
17 18
17 19
17 20
17 21
17 22
17 23
17 24
17 25
17 26
17 27
17 28
17 29
17 30
17 31
17 32
17 33
17 34
17 35
17 36
17 37
17 38
17 39
17 40
17 41
17 42
17 43
17 44
17 45
17 46
17 47
17 48
17 49
17 50
18 19
18 20
18 21
18 22
18 23
18 24
18 25
18 26
18 27
18 28
18 29
18 30
18 31
18 32
18 33
18 34
18 35
18 36
18 37
18 38
18 39
18 40
18 41
18 42
18 43
18 44
18 45
18 46
18 47
18 48
18 49
18 50
18 99
19 20
19 21
19 22
19 23
19 24
19 25
19 26
19 27
19 28
19 29
19 30
19 31
19 32
19 33
19 34
19 35
19 36
19 37
19 38
19 39
19 40
19 41
19 42
19 43
19 44
19 45
19 46
19 47
19 48
19 49
19 50
20 21
20 22
20 23
20 24
20 25
20 26
20 27
20 28
20 29
20 30
20 31
20 32
20 33
20 34
20 35
20 36
20 37
20 38
20 39
20 40
20 41
20 42
20 43
20 44
20 45
20 46
20 47
20 48
20 49
20 50
20 99
21 22
21 23
21 24
21 25
21 26
21 27
21 28
21 29
21 30
21 31
21 32
21 33
21 34
21 35
21 36
21 37
21 38
21 39
21 40
21 41
21 42
21 43
21 44
21 45
21 46
21 47
21 48
21 49
21 50
21 99
22 23
22 24
22 25
22 26
22 27
22 28
22 29
22 30
22 31
22 32
22 33
22 34
22 35
22 36
22 37
22 38
22 39
22 40
22 41
22 42
22 43
22 44
22 45
22 46
22 47
22 48
22 49
22 50
22 99
23 24
23 25
23 26
23 27
23 28
23 29
23 30
23 31
23 32
23 33
23 34
23 35
23 36
23 37
23 38
23 39
23 40
23 41
23 42
23 43
23 44
23 45
23 46
23 47
23 48
23 49
23 50
24 25
24 26
24 27
24 28
24 29
24 30
24 31
24 32
24 33
24 34
24 35
24 36
24 37
24 38
24 39
24 40
24 41
24 42
24 43
24 44
24 45
24 46
24 47
24 48
24 49
24 50
24 58
24 65
24 80
24 94
24 99
25 26
25 27
25 28
25 29
25 30
25 31
25 32
25 33
25 34
25 35
25 36
25 37
25 38
25 39
25 40
25 41
25 42
25 43
25 44
25 45
25 46
25 47
25 48
25 49
25 50
25 58
25 94
25 99
26 27
26 28
26 29
26 30
26 31
26 32
26 33
26 34
26 35
26 36
26 37
26 38
26 39
26 40
26 41
26 42
26 43
26 44
26 45
26 46
26 47
26 48
26 49
26 50
26 58
26 94
26 99
27 28
27 29
27 30
27 31
27 32
27 33
27 34
27 35
27 36
27 37
27 38
27 39
27 40
27 41
27 42
27 43
27 44
27 45
27 46
27 47
27 48
27 49
27 50
27 58
27 94
27 99
28 29
28 30
28 31
28 32
28 33
28 34
28 35
28 36
28 37
28 38
28 39
28 40
28 41
28 42
28 43
28 44
28 45
28 46
28 47
28 48
28 49
28 50
28 99
29 30
29 31
29 32
29 33
29 34
29 35
29 36
29 37
29 38
29 39
29 40
29 41
29 42
29 43
29 44
29 45
29 46
29 47
29 48
29 49
29 50
29 99
30 31
30 32
30 33
30 34
30 35
30 36
30 37
30 38
30 39
30 40
30 41
30 42
30 43
30 44
30 45
30 46
30 47
30 48
30 49
30 50
30 58
30 99
31 32
31 33
31 34
31 35
31 36
31 37
31 38
31 39
31 40
31 41
31 42
31 43
31 44
31 45
31 46
31 47
31 48
31 49
31 50
31 58
31 94
31 99
32 33
32 34
32 35
32 36
32 37
32 38
32 39
32 40
32 41
32 42
32 43
32 44
32 45
32 46
32 47
32 48
32 49
32 50
32 99
33 34
33 35
33 36
33 37
33 38
33 39
33 40
33 41
33 42
33 43
33 44
33 45
33 46
33 47
33 48
33 49
33 50
34 35
34 36
34 37
34 38
34 39
34 40
34 41
34 42
34 43
34 44
34 45
34 46
34 47
34 48
34 49
34 50
35 36
35 37
35 38
35 39
35 40
35 41
35 42
35 43
35 44
35 45
35 46
35 47
35 48
35 49
35 50
35 58
35 94
35 99
36 37
36 38
36 39
36 40
36 41
36 42
36 43
36 44
36 45
36 46
36 47
36 48
36 49
36 50
36 99
37 38
37 39
37 40
37 41
37 42
37 43
37 44
37 45
37 46
37 47
37 48
37 49
37 50
38 39
38 40
38 41
38 42
38 43
38 44
38 45
38 46
38 47
38 48
38 49
38 50
39 40
39 41
39 42
39 43
39 44
39 45
39 46
39 47
39 48
39 49
39 50
40 41
40 42
40 43
40 44
40 45
40 46
40 47
40 48
40 49
40 50
40 99
41 42
41 43
41 44
41 45
41 46
41 47
41 48
41 49
41 50
41 99
42 43
42 44
42 45
42 46
42 47
42 48
42 49
42 50
42 58
42 94
42 99
43 44
43 45
43 46
43 47
43 48
43 49
43 50
44 45
44 46
44 47
44 48
44 49
44 50
44 58
44 94
44 99
45 46
45 47
45 48
45 49
45 50
45 58
45 94
45 99
46 47
46 48
46 49
46 50
46 58
46 94
46 99
47 48
47 49
47 50
47 99
48 49
48 50
49 50
50 99
51 52
51 53
51 54
51 55
51 56
51 57
51 59
51 60
51 62
51 63
51 64
51 65
51 66
51 67
51 68
51 69
51 70
51 71
51 72
51 73
51 74
51 75
51 76
51 77
51 78
51 79
51 80
51 81
51 83
51 84
51 85
51 86
51 87
51 88
51 89
51 90
51 91
51 92
51 93
51 95
51 96
51 97
51 98
51 100
51 101
51 102
51 103
51 104
51 105
51 106
51 107
51 108
51 109
51 110
51 111
51 112
51 113
51 114
51 115
51 116
51 117
51 120
51 121
51 122
51 124
51 125
51 126
51 127
51 128
51 129
51 130
51 131
51 133
51 134
51 135
51 136
51 137
51 138
51 139
51 140
51 141
51 142
51 143
51 144
51 145
51 146
51 147
51 148
51 149
51 150
52 53
52 54
52 55
52 56
52 57
52 59
52 60
52 62
52 63
52 64
52 65
52 66
52 67
52 68
52 69
52 70
52 71
52 72
52 73
52 74
52 75
52 76
52 77
52 78
52 79
52 80
52 81
52 82
52 83
52 84
52 85
52 86
52 87
52 88
52 89
52 90
52 91
52 92
52 93
52 95
52 96
52 97
52 98
52 100
52 101
52 102
52 103
52 104
52 105
52 107
52 108
52 109
52 111
52 112
52 113
52 114
52 115
52 116
52 117
52 120
52 121
52 122
52 124
52 125
52 126
52 127
52 128
52 129
52 130
52 131
52 133
52 134
52 135
52 137
52 138
52 139
52 140
52 141
52 142
52 143
52 144
52 145
52 146
52 147
52 148
52 149
52 150
53 54
53 55
53 56
53 57
53 59
53 60
53 62
53 63
53 64
53 65
53 66
53 67
53 68
53 69
53 70
53 71
53 72
53 73
53 74
53 75
53 76
53 77
53 78
53 79
53 80
53 81
53 83
53 84
53 85
53 86
53 87
53 88
53 89
53 90
53 91
53 92
53 93
53 95
53 96
53 97
53 98
53 100
53 101
53 102
53 103
53 104
53 105
53 106
53 107
53 108
53 109
53 110
53 111
53 112
53 113
53 114
53 115
53 116
53 117
53 120
53 121
53 122
53 123
53 124
53 125
53 126
53 127
53 128
53 129
53 130
53 131
53 133
53 134
53 135
53 136
53 137
53 138
53 139
53 140
53 141
53 142
53 143
53 144
53 145
53 146
53 147
53 148
53 149
53 150
54 55
54 56
54 57
54 58
54 59
54 60
54 61
54 62
54 63
54 64
54 65
54 66
54 67
54 68
54 69
54 70
54 71
54 72
54 73
54 74
54 75
54 76
54 77
54 78
54 79
54 80
54 81
54 82
54 83
54 84
54 85
54 86
54 87
54 88
54 89
54 90
54 91
54 92
54 93
54 94
54 95
54 96
54 97
54 98
54 99
54 100
54 102
54 104
54 107
54 112
54 114
54 115
54 120
54 122
54 124
54 127
54 128
54 134
54 135
54 139
54 143
54 147
54 148
54 150
55 56
55 57
55 59
55 60
55 62
55 63
55 64
55 65
55 66
55 67
55 68
55 69
55 70
55 71
55 72
55 73
55 74
55 75
55 76
55 77
55 78
55 79
55 80
55 81
55 82
55 83
55 84
55 85
55 86
55 87
55 88
55 89
55 90
55 91
55 92
55 93
55 95
55 96
55 97
55 98
55 100
55 101
55 102
55 103
55 104
55 105
55 107
55 108
55 109
55 111
55 112
55 113
55 114
55 115
55 116
55 117
55 120
55 121
55 122
55 124
55 125
55 126
55 127
55 128
55 129
55 130
55 131
55 133
55 134
55 135
55 137
55 138
55 139
55 140
55 141
55 142
55 143
55 144
55 145
55 146
55 147
55 148
55 149
55 150
56 57
56 58
56 59
56 60
56 61
56 62
56 63
56 64
56 65
56 66
56 67
56 68
56 69
56 70
56 71
56 72
56 73
56 74
56 75
56 76
56 77
56 78
56 79
56 80
56 81
56 82
56 83
56 84
56 85
56 86
56 87
56 88
56 89
56 90
56 91
56 92
56 93
56 94
56 95
56 96
56 97
56 98
56 99
56 100
56 102
56 104
56 105
56 107
56 109
56 111
56 112
56 113
56 114
56 115
56 116
56 117
56 120
56 122
56 124
56 125
56 127
56 128
56 129
56 130
56 133
56 134
56 135
56 137
56 138
56 139
56 140
56 141
56 142
56 143
56 146
56 147
56 148
56 149
56 150
57 59
57 60
57 62
57 63
57 64
57 65
57 66
57 67
57 68
57 69
57 70
57 71
57 72
57 73
57 74
57 75
57 76
57 77
57 78
57 79
57 80
57 81
57 82
57 83
57 84
57 85
57 86
57 87
57 88
57 89
57 90
57 91
57 92
57 93
57 95
57 96
57 97
57 98
57 100
57 101
57 102
57 103
57 104
57 105
57 107
57 108
57 109
57 110
57 111
57 112
57 113
57 114
57 115
57 116
57 117
57 120
57 121
57 122
57 124
57 125
57 126
57 127
57 128
57 129
57 130
57 131
57 133
57 134
57 135
57 137
57 138
57 139
57 140
57 141
57 142
57 143
57 144
57 145
57 146
57 147
57 148
57 149
57 150
58 60
58 61
58 62
58 63
58 64
58 65
58 67
58 68
58 69
58 70
58 72
58 73
58 74
58 75
58 79
58 80
58 81
58 82
58 83
58 85
58 88
58 89
58 90
58 91
58 92
58 93
58 94
58 95
58 96
58 97
58 98
58 99
58 100
58 107
58 114
58 120
59 60
59 62
59 63
59 64
59 65
59 66
59 67
59 68
59 69
59 70
59 71
59 72
59 73
59 74
59 75
59 76
59 77
59 78
59 79
59 80
59 81
59 82
59 83
59 84
59 85
59 86
59 87
59 88
59 89
59 90
59 91
59 92
59 93
59 95
59 96
59 97
59 98
59 100
59 101
59 102
59 103
59 104
59 105
59 107
59 108
59 109
59 111
59 112
59 113
59 114
59 115
59 116
59 117
59 120
59 121
59 122
59 124
59 125
59 126
59 127
59 128
59 129
59 130
59 131
59 133
59 134
59 135
59 137
59 138
59 139
59 140
59 141
59 142
59 143
59 144
59 145
59 146
59 147
59 148
59 149
59 150
60 61
60 62
60 63
60 64
60 65
60 66
60 67
60 68
60 69
60 70
60 71
60 72
60 73
60 74
60 75
60 76
60 77
60 78
60 79
60 80
60 81
60 82
60 83
60 84
60 85
60 86
60 87
60 88
60 89
60 90
60 91
60 92
60 93
60 94
60 95
60 96
60 97
60 98
60 99
60 100
60 102
60 104
60 107
60 111
60 112
60 114
60 115
60 117
60 120
60 122
60 124
60 127
60 128
60 134
60 135
60 138
60 139
60 143
60 147
60 148
60 150
61 62
61 63
61 64
61 65
61 67
61 68
61 69
61 70
61 72
61 74
61 75
61 79
61 80
61 81
61 82
61 83
61 85
61 88
61 89
61 90
61 91
61 92
61 93
61 94
61 95
61 96
61 97
61 98
61 99
61 100
61 107
61 120
62 63
62 64
62 65
62 66
62 67
62 68
62 69
62 70
62 71
62 72
62 73
62 74
62 75
62 76
62 77
62 78
62 79
62 80
62 81
62 82
62 83
62 84
62 85
62 86
62 87
62 88
62 89
62 90
62 91
62 92
62 93
62 94
62 95
62 96
62 97
62 98
62 99
62 100
62 101
62 102
62 103
62 104
62 105
62 107
62 109
62 111
62 112
62 113
62 114
62 115
62 116
62 117
62 120
62 121
62 122
62 124
62 125
62 126
62 127
62 128
62 129
62 130
62 133
62 134
62 135
62 137
62 138
62 139
62 140
62 141
62 142
62 143
62 144
62 145
62 146
62 147
62 148
62 149
62 150
63 64
63 65
63 66
63 67
63 68
63 69
63 70
63 71
63 72
63 73
63 74
63 75
63 76
63 77
63 78
63 79
63 80
63 81
63 82
63 83
63 84
63 85
63 86
63 87
63 88
63 89
63 90
63 91
63 92
63 93
63 94
63 95
63 96
63 97
63 98
63 99
63 100
63 102
63 104
63 107
63 109
63 111
63 112
63 114
63 115
63 117
63 120
63 122
63 124
63 127
63 128
63 134
63 135
63 138
63 139
63 143
63 147
63 148
63 150
64 65
64 66
64 67
64 68
64 69
64 70
64 71
64 72
64 73
64 74
64 75
64 76
64 77
64 78
64 79
64 80
64 81
64 82
64 83
64 84
64 85
64 86
64 87
64 88
64 89
64 90
64 91
64 92
64 93
64 94
64 95
64 96
64 97
64 98
64 99
64 100
64 101
64 102
64 103
64 104
64 105
64 107
64 108
64 109
64 111
64 112
64 113
64 114
64 115
64 116
64 117
64 120
64 121
64 122
64 124
64 125
64 126
64 127
64 128
64 129
64 130
64 131
64 133
64 134
64 135
64 137
64 138
64 139
64 140
64 141
64 142
64 143
64 144
64 145
64 146
64 147
64 148
64 149
64 150
65 66
65 67
65 68
65 69
65 70
65 71
65 72
65 73
65 74
65 75
65 76
65 77
65 78
65 79
65 80
65 81
65 82
65 83
65 84
65 85
65 86
65 87
65 88
65 89
65 90
65 91
65 92
65 93
65 94
65 95
65 96
65 97
65 98
65 99
65 100
65 102
65 104
65 107
65 111
65 112
65 114
65 115
65 117
65 120
65 122
65 124
65 127
65 128
65 134
65 135
65 138
65 139
65 143
65 147
65 148
65 150
66 67
66 68
66 69
66 70
66 71
66 72
66 73
66 74
66 75
66 76
66 77
66 78
66 79
66 80
66 81
66 82
66 83
66 84
66 85
66 86
66 87
66 88
66 89
66 90
66 91
66 92
66 93
66 95
66 96
66 97
66 98
66 100
66 101
66 102
66 103
66 104
66 105
66 107
66 108
66 109
66 111
66 112
66 113
66 114
66 115
66 116
66 117
66 120
66 121
66 122
66 124
66 125
66 126
66 127
66 128
66 129
66 130
66 131
66 133
66 134
66 135
66 137
66 138
66 139
66 140
66 141
66 142
66 143
66 144
66 145
66 146
66 147
66 148
66 149
66 150
67 68
67 69
67 70
67 71
67 72
67 73
67 74
67 75
67 76
67 77
67 78
67 79
67 80
67 81
67 82
67 83
67 84
67 85
67 86
67 87
67 88
67 89
67 90
67 91
67 92
67 93
67 94
67 95
67 96
67 97
67 98
67 99
67 100
67 101
67 102
67 103
67 104
67 105
67 107
67 109
67 111
67 112
67 113
67 114
67 115
67 116
67 117
67 120
67 121
67 122
67 124
67 125
67 126
67 127
67 128
67 129
67 130
67 133
67 134
67 135
67 137
67 138
67 139
67 140
67 141
67 142
67 143
67 144
67 145
67 146
67 147
67 148
67 149
67 150
68 69
68 70
68 71
68 72
68 73
68 74
68 75
68 76
68 77
68 78
68 79
68 80
68 81
68 82
68 83
68 84
68 85
68 86
68 87
68 88
68 89
68 90
68 91
68 92
68 93
68 94
68 95
68 96
68 97
68 98
68 99
68 100
68 102
68 104
68 107
68 109
68 111
68 112
68 114
68 115
68 116
68 117
68 120
68 122
68 124
68 127
68 128
68 129
68 133
68 134
68 135
68 138
68 139
68 143
68 146
68 147
68 148
68 150
69 70
69 71
69 72
69 73
69 74
69 75
69 76
69 77
69 78
69 79
69 80
69 81
69 82
69 83
69 84
69 85
69 86
69 87
69 88
69 89
69 90
69 91
69 92
69 93
69 94
69 95
69 96
69 97
69 98
69 99
69 100
69 102
69 104
69 105
69 107
69 109
69 111
69 112
69 113
69 114
69 115
69 116
69 117
69 120
69 122
69 124
69 125
69 127
69 128
69 129
69 130
69 133
69 134
69 135
69 137
69 138
69 139
69 140
69 141
69 142
69 143
69 146
69 147
69 148
69 149
69 150
70 71
70 72
70 73
70 74
70 75
70 76
70 77
70 78
70 79
70 80
70 81
70 82
70 83
70 84
70 85
70 86
70 87
70 88
70 89
70 90
70 91
70 92
70 93
70 94
70 95
70 96
70 97
70 98
70 99
70 100
70 102
70 104
70 107
70 112
70 114
70 115
70 120
70 122
70 124
70 127
70 128
70 134
70 135
70 139
70 143
70 147
70 148
70 150
71 72
71 73
71 74
71 75
71 76
71 77
71 78
71 79
71 80
71 81
71 82
71 83
71 84
71 85
71 86
71 87
71 88
71 89
71 90
71 91
71 92
71 93
71 95
71 96
71 97
71 98
71 100
71 101
71 102
71 103
71 104
71 105
71 107
71 108
71 109
71 111
71 112
71 113
71 114
71 115
71 116
71 117
71 120
71 121
71 122
71 124
71 125
71 126
71 127
71 128
71 129
71 130
71 131
71 133
71 134
71 135
71 137
71 138
71 139
71 140
71 141
71 142
71 143
71 144
71 145
71 146
71 147
71 148
71 149
71 150
72 73
72 74
72 75
72 76
72 77
72 78
72 79
72 80
72 81
72 82
72 83
72 84
72 85
72 86
72 87
72 88
72 89
72 90
72 91
72 92
72 93
72 94
72 95
72 96
72 97
72 98
72 99
72 100
72 102
72 104
72 105
72 107
72 109
72 111
72 112
72 113
72 114
72 115
72 116
72 117
72 120
72 122
72 124
72 125
72 127
72 128
72 129
72 130
72 133
72 134
72 135
72 137
72 138
72 139
72 140
72 141
72 142
72 143
72 146
72 147
72 148
72 149
72 150
73 74
73 75
73 76
73 77
73 78
73 79
73 80
73 81
73 82
73 83
73 84
73 85
73 86
73 87
73 88
73 89
73 90
73 91
73 92
73 93
73 94
73 95
73 96
73 97
73 98
73 99
73 100
73 101
73 102
73 103
73 104
73 105
73 107
73 108
73 109
73 111
73 112
73 113
73 114
73 115
73 116
73 117
73 120
73 121
73 122
73 124
73 125
73 126
73 127
73 128
73 129
73 130
73 131
73 133
73 134
73 135
73 137
73 138
73 139
73 140
73 141
73 142
73 143
73 144
73 145
73 146
73 147
73 148
73 149
73 150
74 75
74 76
74 77
74 78
74 79
74 80
74 81
74 82
74 83
74 84
74 85
74 86
74 87
74 88
74 89
74 90
74 91
74 92
74 93
74 94
74 95
74 96
74 97
74 98
74 99
74 100
74 101
74 102
74 103
74 104
74 105
74 107
74 108
74 109
74 111
74 112
74 113
74 114
74 115
74 116
74 117
74 120
74 121
74 122
74 124
74 125
74 126
74 127
74 128
74 129
74 130
74 131
74 133
74 134
74 135
74 137
74 138
74 139
74 140
74 141
74 142
74 143
74 144
74 145
74 146
74 147
74 148
74 149
74 150
75 76
75 77
75 78
75 79
75 80
75 81
75 82
75 83
75 84
75 85
75 86
75 87
75 88
75 89
75 90
75 91
75 92
75 93
75 94
75 95
75 96
75 97
75 98
75 99
75 100
75 101
75 102
75 103
75 104
75 105
75 107
75 108
75 109
75 111
75 112
75 113
75 114
75 115
75 116
75 117
75 120
75 121
75 122
75 124
75 125
75 126
75 127
75 128
75 129
75 130
75 131
75 133
75 134
75 135
75 137
75 138
75 139
75 140
75 141
75 142
75 143
75 144
75 145
75 146
75 147
75 148
75 149
75 150
76 77
76 78
76 79
76 80
76 81
76 82
76 83
76 84
76 85
76 86
76 87
76 88
76 89
76 90
76 91
76 92
76 93
76 95
76 96
76 97
76 98
76 100
76 101
76 102
76 103
76 104
76 105
76 107
76 108
76 109
76 111
76 112
76 113
76 114
76 115
76 116
76 117
76 120
76 121
76 122
76 124
76 125
76 126
76 127
76 128
76 129
76 130
76 131
76 133
76 134
76 135
76 137
76 138
76 139
76 140
76 141
76 142
76 143
76 144
76 145
76 146
76 147
76 148
76 149
76 150
77 78
77 79
77 80
77 81
77 82
77 83
77 84
77 85
77 86
77 87
77 88
77 89
77 90
77 91
77 92
77 93
77 95
77 96
77 97
77 98
77 100
77 101
77 102
77 103
77 104
77 105
77 106
77 107
77 108
77 109
77 110
77 111
77 112
77 113
77 114
77 115
77 116
77 117
77 120
77 121
77 122
77 123
77 124
77 125
77 126
77 127
77 128
77 129
77 130
77 131
77 133
77 134
77 135
77 136
77 137
77 138
77 139
77 140
77 141
77 142
77 143
77 144
77 145
77 146
77 147
77 148
77 149
77 150
78 79
78 80
78 81
78 83
78 84
78 85
78 86
78 87
78 88
78 89
78 90
78 91
78 92
78 93
78 95
78 96
78 97
78 98
78 100
78 101
78 102
78 103
78 104
78 105
78 106
78 107
78 108
78 109
78 110
78 111
78 112
78 113
78 114
78 115
78 116
78 117
78 120
78 121
78 122
78 123
78 124
78 125
78 126
78 127
78 128
78 129
78 130
78 131
78 133
78 134
78 135
78 136
78 137
78 138
78 139
78 140
78 141
78 142
78 143
78 144
78 145
78 146
78 147
78 148
78 149
78 150
79 80
79 81
79 82
79 83
79 84
79 85
79 86
79 87
79 88
79 89
79 90
79 91
79 92
79 93
79 94
79 95
79 96
79 97
79 98
79 99
79 100
79 101
79 102
79 103
79 104
79 105
79 107
79 108
79 109
79 111
79 112
79 113
79 114
79 115
79 116
79 117
79 120
79 121
79 122
79 124
79 125
79 126
79 127
79 128
79 129
79 130
79 131
79 133
79 134
79 135
79 137
79 138
79 139
79 140
79 141
79 142
79 143
79 144
79 145
79 146
79 147
79 148
79 149
79 150
80 81
80 82
80 83
80 84
80 85
80 86
80 87
80 88
80 89
80 90
80 91
80 92
80 93
80 94
80 95
80 96
80 97
80 98
80 99
80 100
80 102
80 107
80 112
80 114
80 115
80 120
80 122
80 124
80 127
80 128
80 134
80 135
80 139
80 143
80 147
80 150
81 82
81 83
81 84
81 85
81 86
81 87
81 88
81 89
81 90
81 91
81 92
81 93
81 94
81 95
81 96
81 97
81 98
81 99
81 100
81 102
81 107
81 112
81 114
81 115
81 120
81 122
81 124
81 127
81 128
81 134
81 135
81 139
81 143
81 147
81 150
82 83
82 84
82 85
82 86
82 87
82 88
82 89
82 90
82 91
82 92
82 93
82 94
82 95
82 96
82 97
82 98
82 99
82 100
82 102
82 107
82 114
82 115
82 120
82 122
82 124
82 127
82 128
82 134
82 135
82 139
82 143
82 147
82 150
83 84
83 85
83 86
83 87
83 88
83 89
83 90
83 91
83 92
83 93
83 94
83 95
83 96
83 97
83 98
83 99
83 100
83 102
83 104
83 107
83 109
83 111
83 112
83 114
83 115
83 116
83 117
83 120
83 122
83 124
83 127
83 128
83 129
83 133
83 134
83 135
83 138
83 139
83 143
83 146
83 147
83 148
83 150
84 85
84 86
84 87
84 88
84 89
84 90
84 91
84 92
84 93
84 95
84 96
84 97
84 98
84 100
84 101
84 102
84 103
84 104
84 105
84 107
84 108
84 109
84 111
84 112
84 113
84 114
84 115
84 116
84 117
84 120
84 121
84 122
84 124
84 125
84 126
84 127
84 128
84 129
84 130
84 131
84 133
84 134
84 135
84 137
84 138
84 139
84 140
84 141
84 142
84 143
84 144
84 145
84 146
84 147
84 148
84 149
84 150
85 86
85 87
85 88
85 89
85 90
85 91
85 92
85 93
85 94
85 95
85 96
85 97
85 98
85 99
85 100
85 102
85 104
85 105
85 107
85 109
85 111
85 112
85 113
85 114
85 115
85 116
85 117
85 120
85 122
85 124
85 125
85 127
85 128
85 129
85 130
85 133
85 134
85 135
85 137
85 138
85 139
85 140
85 141
85 142
85 143
85 146
85 147
85 148
85 149
85 150
86 87
86 88
86 89
86 90
86 91
86 92
86 93
86 95
86 96
86 97
86 98
86 100
86 101
86 102
86 103
86 104
86 105
86 107
86 109
86 111
86 112
86 113
86 114
86 115
86 116
86 117
86 120
86 121
86 122
86 124
86 125
86 126
86 127
86 128
86 129
86 130
86 133
86 134
86 135
86 137
86 138
86 139
86 140
86 141
86 142
86 143
86 144
86 145
86 146
86 147
86 148
86 149
86 150
87 88
87 89
87 90
87 91
87 92
87 93
87 95
87 96
87 97
87 98
87 100
87 101
87 102
87 103
87 104
87 105
87 106
87 107
87 108
87 109
87 110
87 111
87 112
87 113
87 114
87 115
87 116
87 117
87 120
87 121
87 122
87 124
87 125
87 126
87 127
87 128
87 129
87 130
87 131
87 133
87 134
87 135
87 136
87 137
87 138
87 139
87 140
87 141
87 142
87 143
87 144
87 145
87 146
87 147
87 148
87 149
87 150
88 89
88 90
88 91
88 92
88 93
88 94
88 95
88 96
88 97
88 98
88 99
88 100
88 102
88 104
88 105
88 107
88 109
88 111
88 112
88 113
88 114
88 115
88 116
88 117
88 120
88 122
88 124
88 125
88 127
88 128
88 129
88 130
88 133
88 134
88 135
88 137
88 138
88 139
88 140
88 141
88 142
88 143
88 146
88 147
88 148
88 149
88 150
89 90
89 91
89 92
89 93
89 94
89 95
89 96
89 97
89 98
89 99
89 100
89 102
89 104
89 105
89 107
89 111
89 112
89 113
89 114
89 115
89 116
89 117
89 120
89 122
89 124
89 127
89 128
89 129
89 130
89 133
89 134
89 135
89 138
89 139
89 140
89 142
89 143
89 146
89 147
89 148
89 149
89 150
90 91
90 92
90 93
90 94
90 95
90 96
90 97
90 98
90 99
90 100
90 102
90 104
90 107
90 109
90 111
90 112
90 114
90 115
90 117
90 120
90 122
90 124
90 127
90 128
90 129
90 134
90 135
90 138
90 139
90 143
90 147
90 148
90 150
91 92
91 93
91 94
91 95
91 96
91 97
91 98
91 99
91 100
91 102
91 104
91 107
91 109
91 111
91 112
91 114
91 115
91 116
91 117
91 120
91 122
91 124
91 127
91 128
91 129
91 133
91 134
91 135
91 138
91 139
91 143
91 146
91 147
91 148
91 149
91 150
92 93
92 94
92 95
92 96
92 97
92 98
92 99
92 100
92 101
92 102
92 103
92 104
92 105
92 107
92 108
92 109
92 111
92 112
92 113
92 114
92 115
92 116
92 117
92 120
92 121
92 122
92 124
92 125
92 126
92 127
92 128
92 129
92 130
92 131
92 133
92 134
92 135
92 137
92 138
92 139
92 140
92 141
92 142
92 143
92 144
92 145
92 146
92 147
92 148
92 149
92 150
93 94
93 95
93 96
93 97
93 98
93 99
93 100
93 102
93 104
93 107
93 109
93 111
93 112
93 114
93 115
93 116
93 117
93 120
93 122
93 124
93 127
93 128
93 129
93 133
93 134
93 135
93 138
93 139
93 143
93 146
93 147
93 148
93 150
94 95
94 96
94 97
94 98
94 99
94 100
94 107
94 114
94 120
95 96
95 97
95 98
95 99
95 100
95 102
95 104
95 107
95 109
95 111
95 112
95 113
95 114
95 115
95 116
95 117
95 120
95 122
95 124
95 127
95 128
95 129
95 133
95 134
95 135
95 138
95 139
95 142
95 143
95 146
95 147
95 148
95 149
95 150
96 97
96 98
96 99
96 100
96 102
96 104
96 105
96 107
96 111
96 112
96 113
96 114
96 115
96 116
96 117
96 120
96 122
96 124
96 127
96 128
96 129
96 130
96 133
96 134
96 135
96 137
96 138
96 139
96 140
96 142
96 143
96 146
96 147
96 148
96 149
96 150
97 98
97 99
97 100
97 102
97 104
97 105
97 107
97 109
97 111
97 112
97 113
97 114
97 115
97 116
97 117
97 120
97 122
97 124
97 127
97 128
97 129
97 130
97 133
97 134
97 135
97 137
97 138
97 139
97 140
97 142
97 143
97 146
97 147
97 148
97 149
97 150
98 99
98 100
98 101
98 102
98 103
98 104
98 105
98 107
98 108
98 109
98 111
98 112
98 113
98 114
98 115
98 116
98 117
98 120
98 121
98 122
98 124
98 125
98 126
98 127
98 128
98 129
98 130
98 133
98 134
98 135
98 137
98 138
98 139
98 140
98 141
98 142
98 143
98 144
98 145
98 146
98 147
98 148
98 149
98 150
99 100
99 107
99 114
99 120
99 122
100 102
100 104
100 105
100 107
100 109
100 111
100 112
100 113
100 114
100 115
100 116
100 117
100 120
100 122
100 124
100 127
100 128
100 129
100 133
100 134
100 135
100 138
100 139
100 140
100 142
100 143
100 146
100 147
100 148
100 149
100 150
101 102
101 103
101 104
101 105
101 106
101 108
101 109
101 110
101 111
101 112
101 113
101 114
101 115
101 116
101 117
101 118
101 119
101 120
101 121
101 122
101 123
101 124
101 125
101 126
101 127
101 128
101 129
101 130
101 131
101 132
101 133
101 134
101 135
101 136
101 137
101 138
101 139
101 140
101 141
101 142
101 143
101 144
101 145
101 146
101 147
101 148
101 149
101 150
102 103
102 104
102 105
102 107
102 108
102 109
102 111
102 112
102 113
102 114
102 115
102 116
102 117
102 120
102 121
102 122
102 124
102 125
102 126
102 127
102 128
102 129
102 130
102 131
102 133
102 134
102 135
102 136
102 137
102 138
102 139
102 140
102 141
102 142
102 143
102 144
102 145
102 146
102 147
102 148
102 149
102 150
103 104
103 105
103 106
103 108
103 109
103 110
103 111
103 112
103 113
103 114
103 115
103 116
103 117
103 118
103 119
103 120
103 121
103 122
103 123
103 124
103 125
103 126
103 127
103 128
103 129
103 130
103 131
103 132
103 133
103 134
103 135
103 136
103 137
103 138
103 139
103 140
103 141
103 142
103 143
103 144
103 145
103 146
103 147
103 148
103 149
103 150
104 105
104 106
104 107
104 108
104 109
104 110
104 111
104 112
104 113
104 114
104 115
104 116
104 117
104 119
104 120
104 121
104 122
104 123
104 124
104 125
104 126
104 127
104 128
104 129
104 130
104 131
104 132
104 133
104 134
104 135
104 136
104 137
104 138
104 139
104 140
104 141
104 142
104 143
104 144
104 145
104 146
104 147
104 148
104 149
104 150
105 106
105 108
105 109
105 110
105 111
105 112
105 113
105 114
105 115
105 116
105 117
105 118
105 119
105 120
105 121
105 122
105 123
105 124
105 125
105 126
105 127
105 128
105 129
105 130
105 131
105 132
105 133
105 134
105 135
105 136
105 137
105 138
105 139
105 140
105 141
105 142
105 143
105 144
105 145
105 146
105 147
105 148
105 149
105 150
106 108
106 109
106 110
106 111
106 112
106 113
106 116
106 117
106 118
106 119
106 121
106 123
106 124
106 125
106 126
106 128
106 129
106 130
106 131
106 132
106 133
106 134
106 135
106 136
106 137
106 138
106 140
106 141
106 142
106 144
106 145
106 146
106 147
106 148
106 149
106 150
107 109
107 111
107 112
107 114
107 115
107 116
107 117
107 120
107 122
107 124
107 127
107 128
107 129
107 133
107 134
107 135
107 138
107 139
107 143
107 146
107 147
107 148
107 150
108 109
108 110
108 111
108 112
108 113
108 114
108 115
108 116
108 117
108 118
108 119
108 120
108 121
108 122
108 123
108 124
108 125
108 126
108 127
108 128
108 129
108 130
108 131
108 132
108 133
108 134
108 135
108 136
108 137
108 138
108 139
108 140
108 141
108 142
108 143
108 144
108 145
108 146
108 147
108 148
108 149
108 150
109 110
109 111
109 112
109 113
109 114
109 115
109 116
109 117
109 118
109 119
109 120
109 121
109 122
109 123
109 124
109 125
109 126
109 127
109 128
109 129
109 130
109 131
109 132
109 133
109 134
109 135
109 136
109 137
109 138
109 139
109 140
109 141
109 142
109 143
109 144
109 145
109 146
109 147
109 148
109 149
109 150
110 111
110 112
110 113
110 115
110 116
110 117
110 118
110 119
110 121
110 123
110 125
110 126
110 128
110 129
110 130
110 131
110 132
110 133
110 136
110 137
110 138
110 140
110 141
110 142
110 144
110 145
110 146
110 148
110 149
110 150
111 112
111 113
111 114
111 115
111 116
111 117
111 118
111 120
111 121
111 122
111 123
111 124
111 125
111 126
111 127
111 128
111 129
111 130
111 131
111 132
111 133
111 134
111 135
111 136
111 137
111 138
111 139
111 140
111 141
111 142
111 143
111 144
111 145
111 146
111 147
111 148
111 149
111 150
112 113
112 114
112 115
112 116
112 117
112 119
112 120
112 121
112 122
112 123
112 124
112 125
112 126
112 127
112 128
112 129
112 130
112 131
112 133
112 134
112 135
112 136
112 137
112 138
112 139
112 140
112 141
112 142
112 143
112 144
112 145
112 146
112 147
112 148
112 149
112 150
113 114
113 115
113 116
113 117
113 118
113 119
113 120
113 121
113 122
113 123
113 124
113 125
113 126
113 127
113 128
113 129
113 130
113 131
113 132
113 133
113 134
113 135
113 136
113 137
113 138
113 139
113 140
113 141
113 142
113 143
113 144
113 145
113 146
113 147
113 148
113 149
113 150
114 115
114 116
114 117
114 120
114 121
114 122
114 124
114 125
114 126
114 127
114 128
114 129
114 130
114 131
114 133
114 134
114 135
114 137
114 138
114 139
114 140
114 141
114 142
114 143
114 144
114 145
114 146
114 147
114 148
114 149
114 150
115 116
115 117
115 120
115 121
115 122
115 124
115 125
115 126
115 127
115 128
115 129
115 130
115 131
115 133
115 134
115 135
115 136
115 137
115 138
115 139
115 140
115 141
115 142
115 143
115 144
115 145
115 146
115 147
115 148
115 149
115 150
116 117
116 118
116 119
116 120
116 121
116 122
116 123
116 124
116 125
116 126
116 127
116 128
116 129
116 130
116 131
116 132
116 133
116 134
116 135
116 136
116 137
116 138
116 139
116 140
116 141
116 142
116 143
116 144
116 145
116 146
116 147
116 148
116 149
116 150
117 118
117 119
117 120
117 121
117 122
117 123
117 124
117 125
117 126
117 127
117 128
117 129
117 130
117 131
117 132
117 133
117 134
117 135
117 136
117 137
117 138
117 139
117 140
117 141
117 142
117 143
117 144
117 145
117 146
117 147
117 148
117 149
117 150
118 119
118 121
118 123
118 125
118 126
118 129
118 130
118 131
118 132
118 133
118 136
118 137
118 138
118 140
118 141
118 142
118 144
118 145
118 146
118 149
119 121
119 123
119 125
119 126
119 129
119 130
119 131
119 132
119 133
119 136
119 137
119 140
119 141
119 142
119 144
119 145
119 146
119 148
120 121
120 122
120 124
120 125
120 126
120 127
120 128
120 129
120 130
120 131
120 133
120 134
120 135
120 137
120 138
120 139
120 140
120 141
120 142
120 143
120 144
120 145
120 146
120 147
120 148
120 149
120 150
121 122
121 123
121 124
121 125
121 126
121 127
121 128
121 129
121 130
121 131
121 132
121 133
121 134
121 135
121 136
121 137
121 138
121 139
121 140
121 141
121 142
121 143
121 144
121 145
121 146
121 147
121 148
121 149
121 150
122 124
122 125
122 126
122 127
122 128
122 129
122 130
122 131
122 133
122 134
122 135
122 137
122 138
122 139
122 140
122 141
122 142
122 143
122 144
122 145
122 146
122 147
122 148
122 149
122 150
123 124
123 125
123 126
123 127
123 129
123 130
123 131
123 132
123 133
123 134
123 135
123 136
123 137
123 138
123 140
123 141
123 142
123 144
123 145
123 146
123 147
123 148
124 125
124 126
124 127
124 128
124 129
124 130
124 131
124 133
124 134
124 135
124 136
124 137
124 138
124 139
124 140
124 141
124 142
124 143
124 144
124 145
124 146
124 147
124 148
124 149
124 150
125 126
125 127
125 128
125 129
125 130
125 131
125 132
125 133
125 134
125 135
125 136
125 137
125 138
125 139
125 140
125 141
125 142
125 143
125 144
125 145
125 146
125 147
125 148
125 149
125 150
126 127
126 128
126 129
126 130
126 131
126 132
126 133
126 134
126 135
126 136
126 137
126 138
126 139
126 140
126 141
126 142
126 143
126 144
126 145
126 146
126 147
126 148
126 149
126 150
127 128
127 129
127 130
127 131
127 133
127 134
127 135
127 136
127 137
127 138
127 139
127 140
127 141
127 142
127 143
127 144
127 145
127 146
127 147
127 148
127 149
127 150
128 129
128 130
128 131
128 133
128 134
128 135
128 136
128 137
128 138
128 139
128 140
128 141
128 142
128 143
128 144
128 145
128 146
128 147
128 148
128 149
128 150
129 130
129 131
129 132
129 133
129 134
129 135
129 136
129 137
129 138
129 139
129 140
129 141
129 142
129 143
129 144
129 145
129 146
129 147
129 148
129 149
129 150
130 131
130 132
130 133
130 134
130 135
130 136
130 137
130 138
130 139
130 140
130 141
130 142
130 143
130 144
130 145
130 146
130 147
130 148
130 149
130 150
131 132
131 133
131 134
131 135
131 136
131 137
131 138
131 139
131 140
131 141
131 142
131 143
131 144
131 145
131 146
131 147
131 148
131 149
131 150
132 133
132 136
132 137
132 138
132 140
132 141
132 142
132 144
132 145
132 146
132 148
132 149
133 134
133 135
133 136
133 137
133 138
133 139
133 140
133 141
133 142
133 143
133 144
133 145
133 146
133 147
133 148
133 149
133 150
134 135
134 136
134 137
134 138
134 139
134 140
134 141
134 142
134 143
134 144
134 145
134 146
134 147
134 148
134 149
134 150
135 136
135 137
135 138
135 139
135 140
135 141
135 142
135 143
135 144
135 145
135 146
135 147
135 148
135 149
135 150
136 137
136 138
136 139
136 140
136 141
136 142
136 143
136 144
136 145
136 146
136 147
136 148
136 149
136 150
137 138
137 139
137 140
137 141
137 142
137 143
137 144
137 145
137 146
137 147
137 148
137 149
137 150
138 139
138 140
138 141
138 142
138 143
138 144
138 145
138 146
138 147
138 148
138 149
138 150
139 140
139 141
139 142
139 143
139 144
139 145
139 146
139 147
139 148
139 149
139 150
140 141
140 142
140 143
140 144
140 145
140 146
140 147
140 148
140 149
140 150
141 142
141 143
141 144
141 145
141 146
141 147
141 148
141 149
141 150
142 143
142 144
142 145
142 146
142 147
142 148
142 149
142 150
143 144
143 145
143 146
143 147
143 148
143 149
143 150
144 145
144 146
144 147
144 148
144 149
144 150
145 146
145 147
145 148
145 149
145 150
146 147
146 148
146 149
146 150
147 148
147 149
147 150
148 149
148 150
149 150